0 1
1 2
2 0
2 1
2 2
-2000000000000 -2000000000000
-2000000000001 -2000000000001
20000001 2000000
20000002 2000000
20000003 2000000
-100 -100
-101 -100
-102 -100
-101 -101
-102 -101
-103 -101
-40000 -4000
-40001 -4000
-40001 -4001
-40000 -4001
9223372036854775800 9223372036854775801
9223372036854775801 9223372036854775802
9223372036854775802 9223372036854775800
9223372036854775802 9223372036854775801
9223372036854775802 9223372036854775802
10 11
11 12
12 10
12 11
12 12
100 100
101 100
102 100
101 101
102 101
103 101
20 20
21 20
22 20
21 21
22 21
23 21